50.5
54.50000000000001
55.00000000000001
56.49999999999999
54.50000000000001
60.5
52.0
55.00000000000001
55.00000000000001
64.0
55.00000000000001
61.5
54.0
57.99999999999999
61.0
56.99999999999999
57.49999999999999
56.00000000000001
55.50000000000001
57.99999999999999
53.0
56.49999999999999
55.00000000000001
65.0
56.99999999999999
57.49999999999999
56.00000000000001
60.0
54.0
53.0
57.49999999999999
51.5
55.00000000000001
57.99999999999999
51.0
54.50000000000001
61.0
57.49999999999999
58.5
53.5
59.5
62.0
57.49999999999999
53.5
57.49999999999999
58.5
59.0
61.5
55.50000000000001
55.50000000000001
