42.0
52.0
62.0
74.0
56.00000000000001
60.0
46.0
60.0
48.0
60.0
44.0
46.0
40.0
64.0
52.0
52.0
56.00000000000001
50.0
42.0
52.0
52.0
56.00000000000001
64.0
48.0
57.99999999999999
48.0
50.0
36.0
40.0
52.0
48.0
46.0
60.0
62.0
54.0
48.0
52.0
57.99999999999999
62.0
68.0
54.0
57.99999999999999
52.0
48.0
46.0
48.0
48.0
50.0
54.0
62.0
57.99999999999999
52.0
56.00000000000001
54.0
62.0
57.99999999999999
54.0
50.0
42.0
64.0
57.99999999999999
57.99999999999999
52.0
68.0
50.0
50.0
46.0
62.0
66.0
46.0
50.0
60.0
64.0
64.0
52.0
50.0
57.99999999999999
56.00000000000001
57.99999999999999
57.99999999999999
42.0
54.0
52.0
70.0
44.0
50.0
62.0
68.0
56.00000000000001
60.0
60.0
56.00000000000001
52.0
52.0
66.0
57.99999999999999
60.0
46.0
48.0
74.0
60.0
46.0
50.0
42.0
50.0
50.0
66.0
54.0
50.0
68.0
54.0
62.0
50.0
54.0
52.0
54.0
60.0
52.0
54.0
56.00000000000001
57.99999999999999
60.0
62.0
48.0
62.0
66.0
62.0
38.0
52.0
44.0
40.0
48.0
52.0
66.0
54.0
56.00000000000001
52.0
46.0
56.00000000000001
46.0
48.0
62.0
56.00000000000001
50.0
50.0
42.0
50.0
48.0
62.0
54.0
56.00000000000001
48.0
52.0
56.00000000000001
48.0
54.0
66.0
50.0
62.0
57.99999999999999
50.0
56.00000000000001
60.0
56.00000000000001
66.0
64.0
62.0
56.00000000000001
57.99999999999999
52.0
36.0
54.0
52.0
62.0
50.0
68.0
66.0
46.0
56.00000000000001
64.0
52.0
52.0
62.0
36.0
57.99999999999999
44.0
64.0
60.0
30.0
60.0
50.0
50.0
57.99999999999999
56.00000000000001
52.0
54.0
48.0
52.0
48.0
54.0
72.0
57.99999999999999
68.0
56.00000000000001
52.0
46.0
50.0
54.0
54.0
60.0
62.0
54.0
57.99999999999999
57.99999999999999
54.0
44.0
56.00000000000001
52.0
56.00000000000001
48.0
34.0
64.0
56.00000000000001
50.0
46.0
62.0
30.0
54.0
62.0
46.0
52.0
52.0
64.0
66.0
50.0
54.0
46.0
60.0
52.0
56.00000000000001
62.0
60.0
64.0
66.0
38.0
68.0
52.0
64.0
48.0
52.0
50.0
57.99999999999999
57.99999999999999
60.0
64.0
57.99999999999999
52.0
68.0
50.0
57.99999999999999
52.0
42.0
32.0
40.0
74.0
57.99999999999999
54.0
60.0
66.0
54.0
40.0
72.0
42.0
57.99999999999999
54.0
42.0
52.0
50.0
50.0
56.00000000000001
57.99999999999999
48.0
48.0
52.0
64.0
44.0
54.0
57.99999999999999
62.0
40.0
54.0
50.0
64.0
38.0
54.0
66.0
54.0
44.0
60.0
44.0
56.00000000000001
57.99999999999999
46.0
62.0
54.0
64.0
68.0
56.00000000000001
52.0
66.0
60.0
60.0
50.0
54.0
38.0
56.00000000000001
48.0
52.0
48.0
57.99999999999999
46.0
72.0
64.0
62.0
62.0
54.0
50.0
66.0
64.0
56.00000000000001
50.0
48.0
54.0
68.0
60.0
44.0
42.0
48.0
54.0
66.0
60.0
56.00000000000001
57.99999999999999
54.0
66.0
66.0
50.0
46.0
60.0
68.0
52.0
36.0
60.0
48.0
44.0
56.00000000000001
62.0
54.0
48.0
57.99999999999999
46.0
62.0
62.0
48.0
46.0
52.0
52.0
40.0
56.00000000000001
60.0
54.0
56.00000000000001
68.0
56.00000000000001
50.0
48.0
54.0
50.0
60.0
44.0
60.0
68.0
50.0
62.0
46.0
46.0
52.0
44.0
54.0
64.0
64.0
62.0
44.0
64.0
57.99999999999999
56.00000000000001
54.0
48.0
42.0
44.0
56.00000000000001
57.99999999999999
38.0
46.0
46.0
40.0
38.0
54.0
48.0
56.00000000000001
68.0
64.0
54.0
57.99999999999999
60.0
60.0
60.0
57.99999999999999
46.0
57.99999999999999
57.99999999999999
50.0
57.99999999999999
60.0
62.0
52.0
50.0
64.0
66.0
57.99999999999999
50.0
54.0
60.0
54.0
64.0
46.0
56.00000000000001
56.00000000000001
56.00000000000001
40.0
62.0
52.0
57.99999999999999
56.00000000000001
48.0
57.99999999999999
56.00000000000001
56.00000000000001
62.0
52.0
50.0
46.0
44.0
56.00000000000001
54.0
52.0
70.0
54.0
46.0
62.0
64.0
62.0
70.0
72.0
57.99999999999999
48.0
46.0
64.0
62.0
52.0
57.99999999999999
56.00000000000001
57.99999999999999
52.0
32.0
40.0
66.0
68.0
60.0
66.0
66.0
50.0
40.42553191489361
