54.0
46.0
56.00000000000001
56.00000000000001
46.0
60.0
52.0
52.0
60.0
56.00000000000001
50.0
52.0
46.0
54.0
46.0
50.0
62.0
50.0
68.0
30.0
40.0
50.0
48.0
56.00000000000001
56.00000000000001
48.0
57.99999999999999
52.0
44.0
50.0
56.00000000000001
54.0
56.00000000000001
57.99999999999999
64.0
44.0
56.00000000000001
60.0
42.0
48.0
57.99999999999999
57.99999999999999
52.0
57.99999999999999
56.00000000000001
54.0
56.00000000000001
56.00000000000001
46.0
52.0
46.0
54.0
46.0
62.0
57.99999999999999
62.0
57.99999999999999
46.0
52.0
46.0
54.0
62.0
46.0
52.0
56.00000000000001
50.0
48.0
54.0
57.99999999999999
48.0
60.0
54.0
62.0
56.00000000000001
44.0
50.0
57.99999999999999
56.00000000000001
60.0
48.0
48.0
57.99999999999999
66.0
57.99999999999999
44.0
52.0
46.0
57.99999999999999
50.0
56.00000000000001
56.00000000000001
74.0
68.0
48.0
54.0
50.0
42.0
46.0
50.0
56.00000000000001
