76.0
72.0
76.0
80.0
78.0
82.0
72.0
84.0
72.0
66.0
86.0
72.0
80.0
78.0
70.0
72.0
78.0
78.0
78.0
72.0
76.0
72.0
66.0
78.0
78.0
80.0
76.0
76.0
54.0
68.0
72.0
74.0
86.0
76.0
72.0
80.0
76.0
76.0
70.0
80.0
80.0
86.0
68.0
78.0
70.0
82.0
78.0
74.0
84.0
78.0
76.0
72.0
76.0
80.0
84.0
86.0
72.0
76.0
64.0
66.0
76.0
78.0
84.0
68.0
68.0
68.0
78.0
78.0
78.0
82.0
86.0
68.0
70.0
72.0
74.0
66.0
66.0
72.0
78.0
74.0
64.0
82.0
64.0
84.0
74.0
78.0
84.0
78.0
74.0
74.0
68.0
78.0
72.0
70.0
82.0
74.0
76.0
68.0
62.0
74.0
