74.0
66.0
68.0
84.0
66.0
64.0
57.99999999999999
76.0
72.0
76.0
68.0
60.0
68.0
76.0
46.0
64.0
70.0
50.0
74.0
54.0
64.0
68.0
64.0
70.0
78.0
78.0
80.0
80.0
48.0
76.0
76.0
66.0
76.0
84.0
76.0
68.0
66.0
72.0
74.0
66.0
74.0
72.0
74.0
76.0
72.0
82.0
74.0
84.0
62.0
54.0
72.0
72.0
72.0
74.0
70.0
76.0
82.0
70.0
70.0
72.0
68.0
72.0
74.0
68.0
84.0
78.0
70.0
80.0
72.0
84.0
80.0
74.0
74.0
72.0
84.0
82.0
66.0
78.0
60.0
68.0
72.0
80.0
74.0
76.0
76.0
76.0
84.0
70.0
70.0
72.0
68.0
72.0
74.0
66.0
72.0
68.0
80.0
70.0
64.0
64.0
