64.0
56.00000000000001
50.0
62.0
74.0
68.0
70.0
60.0
62.0
57.99999999999999
66.0
70.0
57.99999999999999
64.0
60.0
62.0
68.0
66.0
56.00000000000001
57.99999999999999
60.0
70.0
60.0
66.0
62.0
70.0
70.0
70.0
74.0
64.0
64.0
64.0
50.0
66.0
70.0
56.00000000000001
66.0
66.0
46.0
68.0
68.0
68.0
68.0
70.0
74.0
62.0
62.0
64.0
64.0
60.0
72.0
57.99999999999999
76.0
62.0
68.0
66.0
70.0
48.0
60.0
60.0
70.0
62.0
48.0
72.0
62.0
64.0
60.0
66.0
64.0
74.0
76.0
64.0
68.0
66.0
44.0
62.0
54.0
68.0
62.0
56.00000000000001
60.0
78.0
57.99999999999999
70.0
70.0
72.0
66.0
50.0
66.0
62.0
66.0
57.99999999999999
74.0
60.0
52.0
62.0
64.0
76.0
54.0
82.0
