52.0
38.0
56.00000000000001
50.0
48.0
50.0
38.0
60.0
42.0
40.0
54.0
56.00000000000001
48.0
34.0
40.0
40.0
28.000000000000004
38.0
56.00000000000001
40.0
48.0
54.0
34.0
44.0
46.0
52.0
54.0
40.0
52.0
34.0
46.0
42.0
38.0
30.0
42.0
50.0
56.00000000000001
50.0
52.0
44.0
54.0
44.0
50.0
66.0
44.0
42.0
52.0
42.0
46.0
48.0
54.0
52.0
48.0
50.0
42.0
50.0
46.0
36.0
44.0
46.0
56.00000000000001
38.0
46.0
34.0
36.0
36.0
54.0
54.0
48.0
46.0
52.0
57.99999999999999
52.0
50.0
44.0
48.0
44.0
44.0
38.0
40.0
50.0
54.0
40.0
42.0
36.0
44.0
57.99999999999999
38.0
34.0
44.0
46.0
52.0
42.0
44.0
60.0
60.0
50.0
52.0
44.0
56.00000000000001
