57.99999999999999
60.0
52.0
62.0
74.0
68.0
74.0
52.0
60.0
62.0
66.0
68.0
57.99999999999999
68.0
64.0
64.0
66.0
68.0
60.0
64.0
57.99999999999999
70.0
56.00000000000001
68.0
68.0
72.0
70.0
70.0
72.0
66.0
62.0
66.0
52.0
62.0
72.0
56.00000000000001
70.0
68.0
50.0
70.0
70.0
68.0
57.99999999999999
72.0
70.0
64.0
66.0
70.0
66.0
54.0
72.0
56.00000000000001
80.0
62.0
68.0
64.0
66.0
50.0
57.99999999999999
57.99999999999999
70.0
60.0
48.0
68.0
64.0
62.0
60.0
64.0
62.0
80.0
74.0
56.00000000000001
66.0
64.0
54.0
62.0
60.0
66.0
60.0
62.0
74.0
78.0
62.0
68.0
72.0
74.0
62.0
50.0
66.0
60.0
68.0
62.0
76.0
57.99999999999999
62.0
57.99999999999999
62.0
78.0
52.0
78.0
