74.0
72.0
74.0
76.0
80.0
82.0
70.0
84.0
74.0
70.0
76.0
70.0
78.0
78.0
68.0
74.0
78.0
80.0
72.0
70.0
76.0
72.0
66.0
80.0
80.0
80.0
76.0
74.0
52.0
72.0
74.0
74.0
82.0
82.0
74.0
78.0
78.0
76.0
72.0
78.0
78.0
84.0
70.0
76.0
68.0
86.0
74.0
74.0
82.0
76.0
78.0
72.0
76.0
82.0
78.0
90.0
74.0
76.0
62.0
62.0
78.0
78.0
84.0
74.0
72.0
66.0
76.0
74.0
78.0
88.0
86.0
70.0
76.0
68.0
78.0
70.0
62.0
70.0
76.0
72.0
72.0
82.0
64.0
82.0
76.0
76.0
82.0
78.0
78.0
74.0
70.0
78.0
76.0
72.0
82.0
72.0
74.0
66.0
66.0
78.0
