80.0
74.0
78.0
92.0
74.0
70.0
57.99999999999999
84.0
78.0
78.0
78.0
56.00000000000001
74.0
82.0
44.0
84.0
70.0
52.0
86.0
60.0
76.0
80.0
76.0
78.0
82.0
90.0
86.0
84.0
60.0
88.0
82.0
78.0
82.0
88.0
68.0
76.0
62.0
78.0
80.0
72.0
80.0
78.0
80.0
84.0
80.0
88.0
74.0
88.0
62.0
60.0
84.0
82.0
80.0
80.0
74.0
80.0
84.0
80.0
70.0
78.0
70.0
84.0
78.0
78.0
88.0
82.0
74.0
90.0
78.0
94.0
92.0
80.0
84.0
74.0
90.0
80.0
78.0
86.0
80.0
74.0
76.0
86.0
84.0
84.0
80.0
84.0
90.0
76.0
82.0
80.0
84.0
84.0
72.0
70.0
76.0
70.0
82.0
86.0
68.0
74.0
