78.0
82.0
74.0
96.0
76.0
92.0
76.0
74.0
86.0
82.0
78.0
94.0
72.0
86.0
84.0
74.0
88.0
92.0
74.0
56.00000000000001
86.0
84.0
84.0
82.0
82.0
90.0
80.0
82.0
86.0
90.0
80.0
72.0
82.0
84.0
72.0
84.0
80.0
64.0
80.0
84.0
98.0
80.0
82.0
86.0
82.0
86.0
78.0
94.0
90.0
98.0
72.0
88.0
92.0
94.0
82.0
92.0
82.0
94.0
78.0
86.0
78.0
90.0
88.0
68.0
86.0
92.0
84.0
88.0
92.0
80.0
92.0
90.0
82.0
90.0
84.0
86.0
72.0
94.0
84.0
80.0
72.0
88.0
90.0
74.0
64.0
84.0
88.0
84.0
92.0
68.0
70.0
84.0
82.0
78.0
70.0
76.0
90.0
76.0
62.0
84.0
