12.0
20.0
34.0
30.0
26.0
22.0
28.000000000000004
16.0
18.0
28.000000000000004
38.0
28.000000000000004
22.0
30.0
32.0
32.0
28.000000000000004
32.0
18.0
22.0
22.0
32.0
22.0
24.0
20.0
36.0
36.0
20.0
22.0
24.0
38.0
26.0
16.0
14.000000000000002
26.0
28.000000000000004
18.0
18.0
28.000000000000004
28.000000000000004
32.0
14.000000000000002
16.0
18.0
22.0
24.0
20.0
24.0
18.0
24.0
30.0
32.0
38.0
26.0
24.0
20.0
20.0
16.0
24.0
30.0
30.0
22.0
22.0
40.0
18.0
42.0
30.0
18.0
34.0
34.0
32.0
14.000000000000002
28.000000000000004
24.0
14.000000000000002
38.0
24.0
30.0
26.0
28.000000000000004
22.0
30.0
14.000000000000002
30.0
20.0
32.0
30.0
24.0
20.0
34.0
30.0
38.0
18.0
34.0
24.0
30.0
34.0
36.0
34.0
34.0
