30.0
20.0
48.0
40.0
40.0
40.0
36.0
36.0
36.0
30.0
28.000000000000004
54.0
36.0
42.0
42.0
28.000000000000004
34.0
44.0
44.0
22.0
46.0
42.0
22.0
26.0
32.0
46.0
26.0
46.0
24.0
36.0
30.0
34.0
18.0
32.0
36.0
24.0
54.0
34.0
38.0
22.0
60.0
28.000000000000004
38.0
48.0
32.0
32.0
36.0
28.000000000000004
26.0
50.0
36.0
24.0
28.000000000000004
57.99999999999999
32.0
36.0
38.0
20.0
26.0
42.0
48.0
30.0
46.0
32.0
40.0
28.000000000000004
34.0
28.000000000000004
36.0
38.0
28.000000000000004
30.0
42.0
42.0
18.0
40.0
42.0
30.0
28.000000000000004
20.0
48.0
32.0
36.0
28.000000000000004
46.0
24.0
38.0
22.0
32.0
34.0
34.0
44.0
30.0
34.0
36.0
30.0
38.0
42.0
36.0
50.0
