32.0
40.0
42.0
34.0
38.0
44.0
36.0
46.0
34.0
44.0
46.0
42.0
44.0
38.0
46.0
38.0
38.0
50.0
32.0
28.000000000000004
26.0
56.00000000000001
52.0
48.0
38.0
42.0
40.0
40.0
28.000000000000004
34.0
52.0
26.0
34.0
32.0
36.0
46.0
52.0
36.0
36.0
40.0
44.0
34.0
32.0
44.0
40.0
42.0
42.0
34.0
34.0
48.0
32.0
42.0
48.0
46.0
42.0
38.0
52.0
32.0
32.0
40.0
34.0
40.0
36.0
52.0
32.0
48.0
40.0
38.0
42.0
36.0
44.0
40.0
54.0
44.0
20.0
50.0
30.0
48.0
36.0
28.000000000000004
28.000000000000004
50.0
40.0
30.0
32.0
42.0
34.0
42.0
54.0
42.0
48.0
32.0
48.0
46.0
48.0
46.0
30.0
48.0
42.0
46.0
