28.000000000000004
24.0
38.0
50.0
40.0
46.0
32.0
36.0
42.0
36.0
38.0
48.0
42.0
32.0
44.0
32.0
38.0
26.0
42.0
24.0
44.0
42.0
34.0
44.0
57.99999999999999
40.0
48.0
40.0
30.0
34.0
28.000000000000004
42.0
30.0
32.0
38.0
32.0
52.0
52.0
36.0
16.0
38.0
34.0
46.0
50.0
38.0
48.0
48.0
30.0
20.0
24.0
36.0
38.0
34.0
46.0
30.0
56.00000000000001
44.0
26.0
30.0
38.0
42.0
50.0
34.0
40.0
24.0
40.0
22.0
44.0
42.0
42.0
22.0
36.0
36.0
36.0
46.0
40.0
30.0
46.0
40.0
42.0
44.0
36.0
36.0
44.0
38.0
32.0
40.0
32.0
38.0
42.0
30.0
52.0
46.0
30.0
34.0
38.0
36.0
42.0
48.0
46.0
