20.0
18.0
32.0
26.0
24.0
26.0
30.0
28.000000000000004
22.0
26.0
34.0
24.0
34.0
22.0
30.0
30.0
12.0
20.0
24.0
18.0
20.0
28.000000000000004
20.0
30.0
32.0
26.0
20.0
26.0
12.0
32.0
32.0
22.0
20.0
28.000000000000004
18.0
36.0
32.0
30.0
28.000000000000004
18.0
26.0
22.0
20.0
26.0
26.0
24.0
20.0
20.0
12.0
34.0
20.0
28.000000000000004
36.0
28.000000000000004
26.0
28.000000000000004
24.0
18.0
20.0
30.0
20.0
26.0
30.0
34.0
14.000000000000002
24.0
28.000000000000004
28.000000000000004
22.0
26.0
26.0
26.0
26.0
24.0
14.000000000000002
26.0
18.0
30.0
26.0
20.0
26.0
24.0
28.000000000000004
34.0
20.0
12.0
36.0
10.0
32.0
30.0
26.0
34.0
32.0
24.0
24.0
22.0
22.0
36.0
34.0
26.0
