34.0
26.0
46.0
36.0
42.0
52.0
42.0
46.0
42.0
32.0
32.0
52.0
44.0
32.0
44.0
36.0
40.0
48.0
44.0
30.0
38.0
36.0
24.0
40.0
50.0
46.0
48.0
32.0
26.0
46.0
36.0
30.0
24.0
26.0
42.0
36.0
44.0
42.0
30.0
38.0
42.0
34.0
56.00000000000001
50.0
44.0
40.0
54.0
34.0
34.0
42.0
44.0
28.000000000000004
46.0
48.0
42.0
50.0
50.0
32.0
38.0
38.0
42.0
44.0
34.0
42.0
30.0
26.0
30.0
28.000000000000004
38.0
42.0
32.0
26.0
42.0
46.0
42.0
40.0
32.0
30.0
34.0
34.0
44.0
34.0
30.0
36.0
32.0
56.00000000000001
36.0
40.0
38.0
54.0
36.0
46.0
50.0
40.0
48.0
38.0
50.0
46.0
44.0
42.0
