56.00000000000001
56.00000000000001
56.00000000000001
68.0
60.0
57.99999999999999
72.0
54.0
57.99999999999999
62.0
70.0
54.0
68.0
50.0
62.0
57.99999999999999
52.0
54.0
60.0
56.00000000000001
62.0
54.0
60.0
62.0
64.0
66.0
64.0
66.0
50.0
46.0
64.0
52.0
57.99999999999999
56.00000000000001
68.0
62.0
68.0
54.0
44.0
56.00000000000001
56.00000000000001
60.0
46.0
48.0
62.0
64.0
60.0
62.0
56.00000000000001
57.99999999999999
68.0
68.0
48.0
60.0
52.0
70.0
62.0
36.0
54.0
52.0
56.00000000000001
62.0
60.0
57.99999999999999
46.0
52.0
50.0
60.0
70.0
66.0
46.0
64.0
54.0
54.0
57.99999999999999
64.0
46.0
68.0
56.00000000000001
54.0
54.0
66.0
56.00000000000001
56.00000000000001
60.0
70.0
68.0
48.0
64.0
64.0
56.00000000000001
56.00000000000001
66.0
64.0
56.00000000000001
54.0
62.0
66.0
68.0
56.00000000000001
