62.0
46.0
66.0
56.00000000000001
48.0
62.0
52.0
54.0
62.0
56.00000000000001
52.0
54.0
48.0
57.99999999999999
50.0
54.0
66.0
52.0
72.0
40.0
48.0
60.0
48.0
64.0
62.0
57.99999999999999
64.0
54.0
42.0
56.00000000000001
60.0
54.0
60.0
57.99999999999999
64.0
48.0
60.0
57.99999999999999
46.0
48.0
60.0
60.0
57.99999999999999
70.0
56.00000000000001
52.0
68.0
56.00000000000001
46.0
54.0
46.0
62.0
50.0
64.0
64.0
66.0
62.0
48.0
54.0
48.0
52.0
64.0
52.0
54.0
56.00000000000001
48.0
54.0
57.99999999999999
54.0
50.0
62.0
57.99999999999999
68.0
62.0
50.0
57.99999999999999
64.0
57.99999999999999
60.0
50.0
54.0
60.0
64.0
62.0
48.0
56.00000000000001
44.0
57.99999999999999
54.0
60.0
60.0
80.0
64.0
52.0
56.00000000000001
54.0
46.0
50.0
50.0
60.0
