52.0
54.0
50.0
66.0
70.0
57.99999999999999
48.0
66.0
70.0
57.99999999999999
46.0
57.99999999999999
54.0
57.99999999999999
50.0
68.0
46.0
76.0
76.0
54.0
50.0
50.0
54.0
72.0
56.00000000000001
62.0
54.0
57.99999999999999
52.0
54.0
56.00000000000001
48.0
54.0
70.0
54.0
68.0
57.99999999999999
68.0
64.0
42.0
72.0
50.0
72.0
76.0
48.0
62.0
68.0
54.0
62.0
66.0
56.00000000000001
68.0
66.0
54.0
72.0
56.00000000000001
62.0
44.0
34.0
54.0
56.00000000000001
56.00000000000001
40.0
60.0
50.0
66.0
60.0
52.0
68.0
78.0
57.99999999999999
70.0
64.0
60.0
66.0
57.99999999999999
56.00000000000001
57.99999999999999
68.0
44.0
57.99999999999999
57.99999999999999
52.0
54.0
42.0
68.0
40.0
54.0
64.0
72.0
60.0
68.0
52.0
82.0
56.00000000000001
57.99999999999999
56.00000000000001
66.0
68.0
36.0
44.0
64.0
48.0
56.00000000000001
74.0
46.0
64.0
50.0
66.0
54.0
72.0
44.0
57.99999999999999
66.0
68.0
60.0
48.0
32.0
60.0
42.0
57.99999999999999
80.0
90.0
62.0
34.0
68.0
52.0
70.0
60.0
70.0
57.99999999999999
54.0
62.0
70.0
74.0
66.0
48.0
60.0
60.0
68.0
68.0
68.0
54.0
60.0
54.0
64.0
42.0
64.0
66.0
60.0
64.0
64.0
48.0
48.0
57.99999999999999
54.0
56.00000000000001
62.0
52.0
52.0
72.0
64.0
76.0
54.0
46.0
66.0
64.0
64.0
52.0
62.0
48.0
70.0
57.99999999999999
62.0
56.00000000000001
64.0
72.0
78.0
66.0
40.0
38.0
54.0
52.0
68.0
46.0
52.0
57.99999999999999
56.00000000000001
54.0
64.0
57.99999999999999
62.0
66.0
66.0
62.0
74.0
46.0
62.0
70.0
50.0
56.00000000000001
42.0
56.00000000000001
54.0
60.0
68.0
68.0
40.0
64.0
56.00000000000001
62.0
50.0
60.0
42.0
64.0
62.0
48.0
50.0
70.0
57.99999999999999
52.0
68.0
72.0
56.00000000000001
68.0
66.0
57.99999999999999
68.0
54.0
48.0
62.0
64.0
44.0
62.0
74.0
46.0
68.0
57.99999999999999
50.0
64.0
52.0
44.0
66.0
57.99999999999999
56.00000000000001
54.0
68.0
60.0
62.0
66.0
56.00000000000001
62.0
60.0
74.0
56.00000000000001
52.0
62.0
42.0
42.0
64.0
52.0
60.0
52.0
80.0
48.0
62.0
48.0
68.0
57.99999999999999
46.0
64.0
46.0
68.0
70.0
52.0
54.0
82.0
57.99999999999999
40.0
66.0
62.0
70.0
56.00000000000001
60.0
52.0
60.0
56.00000000000001
72.0
40.0
52.0
62.0
40.0
38.0
62.0
60.0
54.0
50.0
56.00000000000001
52.0
36.0
57.99999999999999
64.0
34.0
56.00000000000001
57.99999999999999
57.99999999999999
57.99999999999999
62.0
70.0
48.0
52.0
64.0
60.0
50.0
70.0
62.0
74.0
54.0
46.0
54.0
72.0
60.0
57.99999999999999
60.0
56.00000000000001
60.0
44.0
66.0
57.99999999999999
68.0
44.0
52.0
46.0
52.0
57.99999999999999
66.0
62.0
57.99999999999999
54.0
60.0
60.0
68.0
66.0
57.99999999999999
62.0
57.99999999999999
66.0
56.00000000000001
57.99999999999999
52.0
52.0
54.0
56.00000000000001
50.0
50.0
52.0
46.0
72.0
74.0
56.00000000000001
50.0
60.0
70.0
60.0
46.0
57.99999999999999
42.0
44.0
48.0
50.0
44.0
64.0
80.0
66.0
66.0
52.0
50.0
50.0
56.00000000000001
57.99999999999999
50.0
46.0
44.0
54.0
68.0
70.0
62.0
52.0
66.0
40.0
82.0
70.0
60.0
52.0
46.0
52.0
66.0
57.99999999999999
64.0
76.0
50.0
44.0
68.0
60.0
44.0
66.0
54.0
50.0
64.0
64.0
54.0
52.0
68.0
68.0
50.0
62.0
42.0
54.0
62.0
60.0
52.0
68.0
56.00000000000001
64.0
60.0
44.0
64.0
52.0
68.0
72.0
50.0
72.0
34.0
54.0
57.99999999999999
66.0
72.0
46.0
52.0
48.0
78.0
57.99999999999999
62.0
50.0
68.0
72.0
57.99999999999999
56.00000000000001
66.0
60.0
57.99999999999999
50.0
60.0
50.0
56.00000000000001
48.0
57.99999999999999
70.0
68.0
54.0
66.0
62.0
64.0
70.0
66.0
54.0
60.0
57.99999999999999
54.0
54.0
66.0
60.0
70.0
48.0
56.00000000000001
60.0
68.0
70.0
62.0
62.0
44.0
68.0
57.99999999999999
57.99999999999999
78.0
52.0
60.0
72.0
54.0
48.0
52.0
50.0
62.0
46.0
54.0
62.0
44.0
54.0
56.00000000000001
66.0
52.0
68.0
36.0
62.0
54.0
48.0
52.0
50.0
46.0
68.0
68.0
68.0
64.0
60.0
57.99999999999999
42.0
52.0
50.0
60.0
62.0
68.0
66.0
56.00000000000001
46.0
57.99999999999999
54.0
60.0
50.0
64.0
50.0
50.0
70.0
52.0
52.0
57.99999999999999
56.00000000000001
52.0
64.0
44.0
32.0
57.99999999999999
56.00000000000001
70.0
56.00000000000001
48.0
40.0
54.0
56.00000000000001
50.0
56.00000000000001
74.0
62.0
56.00000000000001
62.0
68.0
52.0
66.0
54.0
60.0
62.0
52.0
60.0
40.0
44.0
48.0
54.0
60.0
57.99999999999999
57.99999999999999
48.0
57.99999999999999
54.0
62.0
66.0
70.0
72.0
48.0
54.0
60.0
64.0
57.99999999999999
52.0
68.0
44.0
70.0
78.0
56.00000000000001
60.0
46.0
57.99999999999999
52.0
62.0
54.0
70.0
70.0
60.0
56.00000000000001
62.0
64.0
66.0
47.61904761904761
