60.0
60.0
66.0
78.0
57.99999999999999
62.0
57.99999999999999
66.0
60.0
56.00000000000001
48.0
74.0
56.00000000000001
66.0
62.0
60.0
68.0
60.0
56.00000000000001
62.0
56.00000000000001
72.0
74.0
54.0
70.0
62.0
50.0
60.0
56.00000000000001
52.0
57.99999999999999
60.0
56.00000000000001
66.0
52.0
56.00000000000001
72.0
56.00000000000001
64.0
66.0
60.0
66.0
76.0
62.0
52.0
50.0
64.0
62.0
72.0
70.0
66.0
66.0
66.0
68.0
64.0
64.0
68.0
70.0
54.0
70.0
66.0
70.0
62.0
70.0
68.0
56.00000000000001
50.0
72.0
74.0
62.0
68.0
74.0
66.0
74.0
62.0
72.0
64.0
62.0
60.0
57.99999999999999
57.99999999999999
66.0
60.0
80.0
57.99999999999999
68.0
70.0
68.0
64.0
68.0
64.0
57.99999999999999
50.0
50.0
68.0
70.0
64.0
66.0
66.0
74.0
84.0
70.0
62.0
68.0
62.0
56.00000000000001
74.0
68.0
52.0
80.0
52.0
57.99999999999999
70.0
64.0
68.0
66.0
72.0
64.0
68.0
66.0
60.0
60.0
72.0
62.0
74.0
70.0
64.0
62.0
54.0
56.00000000000001
54.0
76.0
48.0
76.0
78.0
70.0
66.0
62.0
68.0
68.0
66.0
74.0
56.00000000000001
66.0
66.0
64.0
54.0
57.99999999999999
80.0
68.0
68.0
68.0
57.99999999999999
66.0
57.99999999999999
57.99999999999999
72.0
52.0
56.00000000000001
76.0
68.0
68.0
57.99999999999999
68.0
66.0
66.0
74.0
64.0
70.0
64.0
60.0
60.0
68.0
64.0
62.0
66.0
62.0
66.0
52.0
74.0
72.0
64.0
57.99999999999999
64.0
64.0
62.0
82.0
57.99999999999999
52.0
64.0
60.0
52.0
60.0
62.0
66.0
60.0
60.0
64.0
56.00000000000001
70.0
70.0
74.0
70.0
57.99999999999999
64.0
66.0
56.00000000000001
66.0
66.0
64.0
74.0
66.0
62.0
60.0
62.0
64.0
70.0
70.0
76.0
70.0
46.0
66.0
60.0
57.99999999999999
64.0
72.0
66.0
60.0
74.0
57.99999999999999
70.0
56.00000000000001
74.0
62.0
62.0
60.0
54.0
64.0
64.0
66.0
74.0
68.0
64.0
76.0
60.0
62.0
62.0
76.0
62.0
78.0
57.99999999999999
64.0
68.0
66.0
80.0
57.99999999999999
60.0
80.0
72.0
66.0
66.0
50.0
56.00000000000001
54.0
82.0
68.0
57.99999999999999
74.0
70.0
54.0
78.0
72.0
56.00000000000001
74.0
57.99999999999999
52.0
76.0
66.0
60.0
78.0
64.0
72.0
64.0
66.0
57.99999999999999
64.0
57.99999999999999
62.0
64.0
54.0
62.0
72.0
66.0
64.0
64.0
64.0
70.0
60.0
57.99999999999999
66.0
72.0
72.0
57.99999999999999
76.0
57.99999999999999
70.0
56.00000000000001
62.0
57.99999999999999
76.0
66.0
72.0
52.0
54.0
57.99999999999999
74.0
54.0
62.0
57.99999999999999
68.0
66.0
82.0
60.0
57.99999999999999
57.99999999999999
62.0
54.0
60.0
57.99999999999999
52.0
56.00000000000001
60.0
66.0
60.0
64.0
62.0
57.99999999999999
60.0
50.0
68.0
68.0
78.0
70.0
57.99999999999999
57.99999999999999
66.0
56.00000000000001
54.0
70.0
64.0
66.0
50.0
66.0
64.0
56.00000000000001
74.0
78.0
64.0
68.0
64.0
57.99999999999999
64.0
64.0
54.0
62.0
60.0
62.0
50.0
66.0
70.0
70.0
62.0
74.0
60.0
57.99999999999999
57.99999999999999
54.0
62.0
78.0
60.0
62.0
74.0
56.00000000000001
57.99999999999999
64.0
60.0
60.0
68.0
62.0
72.0
72.0
62.0
56.00000000000001
64.0
57.99999999999999
64.0
64.0
60.0
56.00000000000001
60.0
66.0
66.0
64.0
64.0
60.0
52.0
66.0
60.0
62.0
62.0
68.0
66.0
57.99999999999999
64.0
60.0
76.0
64.0
68.0
56.00000000000001
68.0
66.0
70.0
70.0
62.0
68.0
62.0
64.0
57.99999999999999
74.0
57.99999999999999
60.0
72.0
64.0
70.0
62.0
56.00000000000001
66.0
66.0
76.0
57.99999999999999
60.0
62.0
60.0
70.0
62.0
66.0
68.0
74.0
76.0
62.0
64.0
50.0
54.0
68.0
57.99999999999999
64.0
62.0
70.0
56.00000000000001
57.99999999999999
72.0
64.0
80.0
76.0
70.0
52.0
54.0
72.0
76.0
70.0
62.0
64.0
72.0
60.0
54.0
50.0
54.0
74.0
72.0
66.0
78.0
66.0
61.702127659574465
