100.0
88.0
92.0
100.0
90.0
96.0
92.0
94.0
98.0
98.0
96.0
92.0
92.0
94.0
94.0
94.0
96.0
96.0
94.0
84.0
92.0
92.0
90.0
96.0
94.0
98.0
98.0
94.0
92.0
90.0
96.0
86.0
98.0
92.0
96.0
82.0
98.0
84.0
94.0
96.0
90.0
94.0
92.0
96.0
96.0
94.0
94.0
92.0
90.0
90.0
92.0
96.0
94.0
90.0
94.0
90.0
90.0
80.0
90.0
96.0
88.0
94.0
94.0
96.0
90.0
94.0
92.0
90.0
96.0
90.0
94.0
92.0
94.0
94.0
98.0
94.0
86.0
98.0
90.0
94.0
96.0
94.0
96.0
94.0
92.0
92.0
100.0
94.0
92.0
86.0
92.0
96.0
96.0
94.0
94.0
96.0
98.0
94.0
88.0
96.0
