76.0
64.0
72.0
88.0
68.0
57.99999999999999
52.0
76.0
72.0
68.0
66.0
57.99999999999999
64.0
74.0
42.0
68.0
64.0
57.99999999999999
72.0
54.0
64.0
64.0
68.0
66.0
78.0
82.0
80.0
78.0
52.0
82.0
80.0
68.0
76.0
80.0
76.0
72.0
60.0
64.0
70.0
62.0
68.0
74.0
76.0
78.0
68.0
82.0
76.0
84.0
56.00000000000001
52.0
72.0
76.0
78.0
76.0
70.0
72.0
72.0
76.0
64.0
72.0
62.0
78.0
72.0
70.0
80.0
82.0
70.0
76.0
76.0
86.0
74.0
72.0
74.0
74.0
82.0
76.0
70.0
80.0
66.0
60.0
70.0
80.0
72.0
70.0
76.0
72.0
84.0
70.0
68.0
60.0
70.0
72.0
64.0
72.0
62.0
72.0
78.0
68.0
62.0
70.0
