28.000000000000004
14.000000000000002
30.0
36.0
36.0
40.0
26.0
24.0
32.0
30.0
30.0
32.0
38.0
26.0
38.0
20.0
20.0
28.000000000000004
32.0
18.0
34.0
30.0
32.0
32.0
48.0
28.000000000000004
42.0
38.0
24.0
30.0
28.000000000000004
28.000000000000004
26.0
24.0
32.0
32.0
40.0
42.0
26.0
14.000000000000002
28.000000000000004
18.0
34.0
40.0
34.0
30.0
34.0
18.0
16.0
26.0
24.0
28.000000000000004
34.0
26.0
28.000000000000004
34.0
26.0
28.000000000000004
16.0
24.0
34.0
26.0
18.0
24.0
22.0
28.000000000000004
18.0
26.0
32.0
38.0
18.0
32.0
20.0
28.000000000000004
32.0
32.0
26.0
36.0
38.0
30.0
38.0
30.0
26.0
34.0
26.0
26.0
36.0
24.0
26.0
32.0
26.0
44.0
34.0
26.0
26.0
28.000000000000004
26.0
40.0
36.0
30.0
