52.0
52.0
50.0
57.99999999999999
60.0
52.0
64.0
48.0
56.00000000000001
54.0
62.0
50.0
66.0
48.0
46.0
50.0
54.0
48.0
54.0
50.0
52.0
52.0
56.00000000000001
52.0
56.00000000000001
56.00000000000001
56.00000000000001
66.0
40.0
42.0
57.99999999999999
50.0
42.0
38.0
60.0
54.0
62.0
48.0
44.0
50.0
50.0
50.0
46.0
44.0
56.00000000000001
64.0
52.0
50.0
52.0
50.0
56.00000000000001
54.0
46.0
42.0
40.0
52.0
60.0
20.0
56.00000000000001
46.0
46.0
56.00000000000001
57.99999999999999
54.0
44.0
54.0
46.0
52.0
70.0
70.0
42.0
54.0
50.0
46.0
54.0
52.0
42.0
62.0
50.0
44.0
44.0
60.0
44.0
60.0
62.0
57.99999999999999
62.0
46.0
50.0
56.00000000000001
54.0
54.0
60.0
62.0
56.00000000000001
48.0
52.0
56.00000000000001
68.0
48.0
