12.0
16.0
36.0
32.0
24.0
20.0
34.0
20.0
20.0
26.0
32.0
22.0
12.0
22.0
16.0
28.000000000000004
28.000000000000004
22.0
10.0
18.0
16.0
34.0
20.0
22.0
16.0
26.0
28.000000000000004
20.0
26.0
26.0
32.0
22.0
16.0
12.0
26.0
28.000000000000004
16.0
24.0
18.0
20.0
26.0
16.0
16.0
18.0
24.0
28.000000000000004
10.0
22.0
18.0
16.0
20.0
32.0
32.0
30.0
24.0
18.0
20.0
14.000000000000002
12.0
22.0
28.000000000000004
18.0
22.0
40.0
18.0
38.0
18.0
16.0
30.0
30.0
28.000000000000004
14.000000000000002
26.0
20.0
20.0
26.0
22.0
32.0
24.0
20.0
20.0
26.0
18.0
24.0
20.0
28.000000000000004
20.0
14.000000000000002
28.000000000000004
34.0
22.0
32.0
20.0
32.0
26.0
24.0
28.000000000000004
34.0
28.000000000000004
20.0
