32.0
18.0
44.0
34.0
38.0
30.0
32.0
36.0
32.0
28.000000000000004
24.0
44.0
38.0
26.0
36.0
32.0
22.0
40.0
36.0
20.0
36.0
28.000000000000004
22.0
34.0
42.0
34.0
36.0
32.0
28.000000000000004
30.0
28.000000000000004
22.0
24.0
20.0
32.0
24.0
44.0
36.0
30.0
22.0
28.000000000000004
18.0
40.0
44.0
38.0
38.0
46.0
26.0
32.0
28.000000000000004
34.0
22.0
34.0
32.0
30.0
30.0
36.0
18.0
26.0
36.0
42.0
34.0
30.0
30.0
22.0
24.0
28.000000000000004
20.0
28.000000000000004
38.0
24.0
26.0
38.0
38.0
36.0
34.0
32.0
32.0
22.0
18.0
38.0
26.0
12.0
36.0
30.0
36.0
38.0
38.0
28.000000000000004
44.0
30.0
38.0
38.0
28.000000000000004
40.0
30.0
34.0
38.0
26.0
40.0
