80.0
82.0
74.0
96.0
72.0
94.0
80.0
76.0
84.0
82.0
80.0
90.0
70.0
88.0
84.0
72.0
88.0
92.0
76.0
60.0
86.0
86.0
86.0
80.0
80.0
90.0
78.0
80.0
86.0
92.0
76.0
72.0
82.0
82.0
74.0
88.0
82.0
66.0
78.0
78.0
98.0
78.0
80.0
86.0
86.0
78.0
82.0
96.0
90.0
98.0
74.0
86.0
92.0
96.0
86.0
96.0
78.0
92.0
74.0
84.0
76.0
88.0
90.0
76.0
84.0
90.0
78.0
88.0
92.0
82.0
90.0
92.0
80.0
94.0
82.0
94.0
70.0
96.0
78.0
84.0
70.0
86.0
86.0
72.0
74.0
86.0
84.0
80.0
94.0
70.0
72.0
76.0
82.0
74.0
72.0
80.0
90.0
80.0
66.0
84.0
