24.0
14.000000000000002
36.0
30.0
34.0
32.0
16.0
32.0
28.000000000000004
24.0
24.0
48.0
34.0
28.000000000000004
34.0
28.000000000000004
18.0
22.0
32.0
20.0
30.0
36.0
22.0
26.0
22.0
32.0
26.0
38.0
16.0
22.0
28.000000000000004
22.0
10.0
24.0
28.000000000000004
24.0
38.0
30.0
34.0
24.0
38.0
28.000000000000004
36.0
36.0
34.0
24.0
26.0
24.0
24.0
28.000000000000004
22.0
22.0
30.0
42.0
34.0
26.0
30.0
18.0
14.000000000000002
36.0
44.0
32.0
30.0
20.0
26.0
26.0
20.0
24.0
24.0
28.000000000000004
18.0
24.0
34.0
30.0
18.0
26.0
34.0
30.0
22.0
26.0
28.000000000000004
22.0
26.0
30.0
34.0
32.0
28.000000000000004
14.000000000000002
26.0
34.0
32.0
42.0
22.0
14.000000000000002
26.0
22.0
30.0
40.0
30.0
28.000000000000004
