12.0
20.0
20.0
28.000000000000004
24.0
24.0
26.0
30.0
18.0
24.0
22.0
22.0
30.0
14.000000000000002
30.0
22.0
8.0
24.0
16.0
12.0
8.0
30.0
12.0
28.000000000000004
26.0
22.0
16.0
26.0
16.0
26.0
30.0
18.0
16.0
12.0
26.0
30.0
28.000000000000004
24.0
24.0
18.0
24.0
18.0
20.0
18.0
24.0
26.0
22.0
14.000000000000002
10.0
26.0
18.0
20.0
24.0
26.0
26.0
32.0
24.0
14.000000000000002
16.0
24.0
14.000000000000002
22.0
20.0
32.0
14.000000000000002
20.0
26.0
26.0
20.0
30.0
28.000000000000004
28.000000000000004
20.0
20.0
14.000000000000002
16.0
18.0
20.0
18.0
24.0
24.0
14.000000000000002
20.0
24.0
22.0
12.0
32.0
18.0
22.0
26.0
18.0
22.0
24.0
16.0
24.0
22.0
22.0
26.0
26.0
24.0
