8.0
18.0
26.0
28.000000000000004
18.0
16.0
22.0
14.000000000000002
22.0
26.0
24.0
30.0
10.0
20.0
24.0
32.0
22.0
22.0
16.0
20.0
10.0
24.0
22.0
26.0
18.0
26.0
34.0
18.0
18.0
22.0
34.0
24.0
16.0
10.0
18.0
26.0
20.0
22.0
26.0
24.0
28.000000000000004
10.0
14.000000000000002
20.0
22.0
24.0
12.0
22.0
14.000000000000002
26.0
24.0
24.0
36.0
26.0
32.0
18.0
16.0
8.0
14.000000000000002
34.0
26.0
22.0
22.0
32.0
12.0
30.0
22.0
14.000000000000002
32.0
26.0
26.0
18.0
22.0
20.0
18.0
28.000000000000004
20.0
30.0
14.000000000000002
24.0
28.000000000000004
26.0
16.0
24.0
10.0
26.0
16.0
24.0
26.0
30.0
26.0
22.0
20.0
24.0
22.0
28.000000000000004
22.0
20.0
30.0
28.000000000000004
