52.0
44.0
57.99999999999999
52.0
56.00000000000001
68.0
48.0
52.0
62.0
50.0
52.0
54.0
57.99999999999999
52.0
46.0
48.0
66.0
46.0
64.0
32.0
42.0
46.0
46.0
56.00000000000001
57.99999999999999
50.0
56.00000000000001
50.0
40.0
54.0
54.0
52.0
57.99999999999999
57.99999999999999
54.0
48.0
60.0
54.0
40.0
46.0
57.99999999999999
54.0
56.00000000000001
68.0
50.0
57.99999999999999
62.0
48.0
36.0
56.00000000000001
46.0
52.0
54.0
57.99999999999999
52.0
62.0
57.99999999999999
44.0
52.0
42.0
46.0
64.0
52.0
50.0
62.0
50.0
52.0
52.0
52.0
50.0
56.00000000000001
50.0
64.0
54.0
46.0
46.0
56.00000000000001
56.00000000000001
54.0
44.0
56.00000000000001
54.0
57.99999999999999
60.0
46.0
56.00000000000001
46.0
56.00000000000001
54.0
56.00000000000001
57.99999999999999
74.0
64.0
46.0
48.0
50.0
46.0
52.0
48.0
56.00000000000001
