72.0
82.0
74.0
92.0
68.0
88.0
72.0
72.0
82.0
80.0
68.0
96.0
72.0
82.0
76.0
66.0
82.0
86.0
68.0
56.00000000000001
84.0
80.0
82.0
76.0
82.0
86.0
80.0
78.0
82.0
86.0
78.0
64.0
80.0
84.0
68.0
80.0
84.0
68.0
76.0
80.0
92.0
74.0
74.0
82.0
82.0
78.0
72.0
94.0
84.0
94.0
66.0
84.0
84.0
86.0
72.0
94.0
74.0
80.0
72.0
82.0
70.0
84.0
86.0
76.0
88.0
90.0
78.0
82.0
92.0
72.0
82.0
88.0
82.0
86.0
70.0
90.0
68.0
94.0
80.0
86.0
72.0
82.0
78.0
66.0
70.0
82.0
84.0
74.0
86.0
66.0
68.0
82.0
86.0
76.0
68.0
74.0
86.0
74.0
64.0
80.0
