44.0
36.0
56.00000000000001
54.0
44.0
57.99999999999999
34.0
54.0
48.0
32.0
62.0
66.0
46.0
38.0
40.0
38.0
28.000000000000004
36.0
54.0
40.0
52.0
46.0
30.0
40.0
44.0
52.0
54.0
38.0
42.0
38.0
46.0
42.0
40.0
36.0
46.0
44.0
50.0
54.0
42.0
44.0
54.0
48.0
48.0
64.0
38.0
46.0
57.99999999999999
38.0
40.0
56.00000000000001
62.0
54.0
57.99999999999999
48.0
42.0
48.0
48.0
30.0
36.0
42.0
57.99999999999999
46.0
38.0
36.0
44.0
40.0
50.0
57.99999999999999
57.99999999999999
54.0
54.0
60.0
54.0
46.0
38.0
44.0
42.0
44.0
40.0
30.0
50.0
56.00000000000001
38.0
42.0
44.0
44.0
62.0
40.0
40.0
36.0
38.0
48.0
40.0
44.0
64.0
60.0
50.0
60.0
54.0
54.0
