28.000000000000004
22.0
40.0
28.000000000000004
38.0
36.0
24.0
36.0
28.000000000000004
26.0
24.0
42.0
38.0
26.0
30.0
30.0
28.000000000000004
48.0
38.0
24.0
38.0
30.0
20.0
36.0
34.0
30.0
46.0
28.000000000000004
18.0
28.000000000000004
26.0
18.0
24.0
24.0
38.0
28.000000000000004
40.0
30.0
32.0
24.0
26.0
26.0
42.0
44.0
38.0
32.0
38.0
26.0
34.0
34.0
40.0
26.0
38.0
30.0
26.0
34.0
24.0
26.0
32.0
38.0
38.0
40.0
38.0
22.0
28.000000000000004
20.0
30.0
20.0
32.0
34.0
26.0
22.0
34.0
36.0
30.0
38.0
20.0
26.0
36.0
24.0
36.0
24.0
22.0
30.0
26.0
36.0
26.0
38.0
34.0
44.0
24.0
36.0
42.0
30.0
46.0
36.0
42.0
36.0
24.0
36.0
