48.0
52.0
50.0
62.0
50.0
50.0
62.0
42.0
52.0
66.0
60.0
52.0
60.0
44.0
52.0
52.0
46.0
46.0
52.0
44.0
56.00000000000001
50.0
57.99999999999999
54.0
60.0
64.0
64.0
57.99999999999999
42.0
42.0
50.0
48.0
46.0
40.0
60.0
57.99999999999999
60.0
52.0
40.0
56.00000000000001
46.0
54.0
50.0
48.0
50.0
62.0
56.00000000000001
50.0
50.0
54.0
54.0
64.0
40.0
42.0
50.0
57.99999999999999
56.00000000000001
34.0
52.0
44.0
50.0
60.0
57.99999999999999
54.0
42.0
60.0
52.0
46.0
70.0
62.0
50.0
48.0
48.0
48.0
56.00000000000001
52.0
34.0
66.0
48.0
48.0
52.0
62.0
40.0
57.99999999999999
50.0
66.0
62.0
44.0
60.0
60.0
56.00000000000001
52.0
62.0
56.00000000000001
54.0
44.0
50.0
50.0
56.00000000000001
50.0
