18.0
14.000000000000002
32.0
32.0
32.0
38.0
22.0
24.0
32.0
28.000000000000004
32.0
46.0
34.0
22.0
38.0
20.0
26.0
28.000000000000004
24.0
20.0
38.0
34.0
26.0
38.0
48.0
30.0
34.0
32.0
14.000000000000002
24.0
30.0
24.0
22.0
20.0
38.0
22.0
42.0
42.0
28.000000000000004
14.000000000000002
32.0
20.0
38.0
30.0
32.0
28.000000000000004
34.0
20.0
16.0
16.0
24.0
30.0
28.000000000000004
28.000000000000004
24.0
28.000000000000004
30.0
22.0
20.0
30.0
36.0
38.0
22.0
32.0
22.0
32.0
16.0
34.0
36.0
34.0
20.0
28.000000000000004
22.0
30.0
28.000000000000004
28.000000000000004
22.0
28.000000000000004
34.0
32.0
24.0
32.0
28.000000000000004
34.0
30.0
26.0
36.0
28.000000000000004
28.000000000000004
28.000000000000004
24.0
44.0
34.0
20.0
24.0
26.0
24.0
36.0
30.0
42.0
