74.0
74.0
82.0
72.0
74.0
74.0
66.0
74.0
62.0
62.0
74.0
62.0
72.0
70.0
60.0
70.0
70.0
76.0
76.0
60.0
72.0
70.0
64.0
68.0
76.0
80.0
68.0
72.0
54.0
60.0
68.0
66.0
64.0
74.0
64.0
76.0
72.0
72.0
62.0
76.0
78.0
82.0
66.0
66.0
68.0
78.0
68.0
60.0
72.0
70.0
70.0
66.0
72.0
68.0
76.0
80.0
70.0
64.0
62.0
60.0
74.0
76.0
82.0
66.0
56.00000000000001
66.0
74.0
68.0
64.0
80.0
80.0
70.0
70.0
64.0
70.0
57.99999999999999
60.0
64.0
72.0
66.0
68.0
74.0
57.99999999999999
74.0
70.0
68.0
80.0
74.0
74.0
78.0
68.0
74.0
66.0
72.0
78.0
68.0
68.0
66.0
57.99999999999999
72.0
