30.0
38.0
30.0
38.0
28.000000000000004
42.0
34.0
42.0
36.0
38.0
48.0
44.0
36.0
26.0
42.0
26.0
28.000000000000004
38.0
32.0
28.000000000000004
20.0
50.0
42.0
46.0
36.0
42.0
36.0
36.0
22.0
26.0
48.0
24.0
32.0
28.000000000000004
26.0
50.0
44.0
26.0
28.000000000000004
26.0
32.0
28.000000000000004
26.0
32.0
32.0
48.0
34.0
26.0
26.0
42.0
30.0
38.0
46.0
36.0
32.0
32.0
52.0
26.0
32.0
26.0
22.0
32.0
36.0
46.0
28.000000000000004
38.0
36.0
34.0
46.0
38.0
38.0
40.0
42.0
28.000000000000004
18.0
44.0
24.0
42.0
36.0
28.000000000000004
28.000000000000004
46.0
46.0
24.0
34.0
38.0
36.0
38.0
48.0
42.0
38.0
38.0
44.0
52.0
38.0
38.0
28.000000000000004
40.0
38.0
42.0
