54.0
50.0
50.0
57.99999999999999
66.0
60.0
64.0
54.0
52.0
54.0
57.99999999999999
57.99999999999999
48.0
62.0
56.00000000000001
62.0
62.0
57.99999999999999
56.00000000000001
50.0
57.99999999999999
57.99999999999999
52.0
60.0
50.0
66.0
60.0
62.0
66.0
54.0
56.00000000000001
54.0
44.0
60.0
60.0
52.0
64.0
62.0
46.0
60.0
62.0
62.0
57.99999999999999
60.0
60.0
60.0
57.99999999999999
57.99999999999999
56.00000000000001
56.00000000000001
68.0
50.0
74.0
57.99999999999999
62.0
56.00000000000001
54.0
44.0
46.0
54.0
54.0
52.0
48.0
66.0
48.0
57.99999999999999
56.00000000000001
57.99999999999999
60.0
64.0
68.0
52.0
64.0
52.0
50.0
57.99999999999999
52.0
62.0
54.0
52.0
66.0
68.0
48.0
62.0
72.0
70.0
54.0
46.0
54.0
54.0
60.0
42.0
64.0
57.99999999999999
52.0
54.0
57.99999999999999
72.0
44.0
70.0
