42.0
30.0
42.0
44.0
42.0
36.0
34.0
48.0
38.0
30.0
50.0
46.0
46.0
34.0
32.0
28.000000000000004
22.0
30.0
42.0
32.0
36.0
40.0
26.0
34.0
36.0
36.0
36.0
26.0
34.0
28.000000000000004
32.0
24.0
34.0
16.0
40.0
38.0
42.0
36.0
24.0
26.0
40.0
36.0
38.0
56.00000000000001
34.0
40.0
48.0
30.0
32.0
40.0
38.0
34.0
36.0
34.0
38.0
40.0
36.0
26.0
32.0
32.0
42.0
42.0
34.0
24.0
24.0
22.0
40.0
52.0
34.0
36.0
32.0
46.0
36.0
48.0
34.0
32.0
34.0
32.0
24.0
24.0
30.0
40.0
32.0
32.0
32.0
32.0
50.0
38.0
24.0
32.0
32.0
40.0
32.0
38.0
38.0
34.0
36.0
34.0
42.0
38.0
