32.0
34.0
40.0
32.0
30.0
36.0
32.0
40.0
28.000000000000004
38.0
46.0
46.0
38.0
28.000000000000004
44.0
30.0
30.0
40.0
22.0
20.0
22.0
40.0
42.0
42.0
34.0
42.0
42.0
34.0
26.0
26.0
44.0
22.0
36.0
32.0
32.0
42.0
46.0
30.0
28.000000000000004
36.0
34.0
30.0
24.0
26.0
36.0
42.0
36.0
18.0
26.0
42.0
28.000000000000004
32.0
48.0
36.0
26.0
34.0
46.0
26.0
28.000000000000004
30.0
26.0
34.0
32.0
42.0
26.0
46.0
32.0
40.0
30.0
34.0
36.0
40.0
48.0
34.0
18.0
50.0
24.0
40.0
38.0
22.0
32.0
44.0
36.0
32.0
30.0
44.0
34.0
36.0
46.0
36.0
38.0
34.0
42.0
40.0
46.0
38.0
32.0
44.0
40.0
42.0
